0
249036800
382992384
518258688
518520832
651952128
766509056
873725952
873988096
874250240
874512384
874774528
875036672
875298816
875560960
875823104
978059264
978583552
1069023232
1071120384
1154482176
1154744320
1155268608
1155530752
1236008960
1294729216
1294991360
1295253504
1295515648
1295777792
1296039936
1296302080
1296564224
1296826368
1297088512
1539309568
1603796992
1650720768
1701576704
1701838848
1702100992
1702363136
1702625280
1702887424
1703149568
1703411712
1703673856
1703936000
1704198144
1704460288
1902903296
1903165440
2093481984
2093744128
2275409920
2275672064
2446589952
2605973504
2751201280
2889613312
2889875456
2890137600
2890399744
2890661888
2891186176
2891448320
2891710464
2891972608
2892234752
2892496896
2893021184
2893283328
2894331904
2894856192
2895118336
2895380480
2895642624
2895904768
2896166912
2896429056
2896691200
2896953344
2897215488
2897477632
2897739776
2898001920
2898264064
2898526208
2898788352
2899050496
2899312640
2899574784
2899836928
2900099072
2900361216
2900623360
2900885504
2901147648
2901409792
2901934080
2902196224
2902982656
2903244800
2903506944
2903769088
2904031232
2904293376
2904555520
2904817664
2905079808
2905341952
2905604096
2905866240
2907701248
2907963392
2908225536
2908487680
2908749824
2913468416
2913730560
2913992704
2914254848
2915303424
2915565568
2915827712
2916089856
2916614144
2916876288
2917138432
2917400576
2917662720
2918973440
2919497728
2919759872
2920022016
2920284160
2920808448
2921332736
2922381312
2922905600
2923692032
2923954176
2924478464
2924740608
2925002752
2925264896
2925789184
2926051328
2926313472
2926575616
2926837760
2927099904
2927624192
2927886336
2928148480
2928672768
2928934912
2929197056
2929459200
2929983488
2930245632
2930507776
2930769920
2931032064
2931294208
2931556352
2931818496
2932342784
2932604928
2932867072
2933129216
2933391360
2933653504
2933915648
2934177792
2934439936
2934702080
2934964224
2935226368
2935488512
2935750656
2936012800
2936537088
2936799232
2937323520
2938896384
2939158528
2940731392
2941255680
2941779968
2942304256
2942828544
2943090688
2943614976
2944139264
2944401408
2944663552
2944925696
2947809280
2948071424
2948333568
2948857856
2949382144
2949644288
2952527872
2953052160
2953314304
2953576448
2955411456
2955673600
2955935744
2956197888
2956460032
2956722176
2956984320
2957508608
2957770752
2958032896
2958295040
2958557184
2958819328
2959081472
2959343616
2959605760
2960130048
2960392192
2960654336
2960916480
2961178624
2961440768
2962489344
2962751488
2963013632
2963275776
2963537920
2963800064
2964062208
2964324352
2964586496
2964848640
2965110784
2965372928
2965635072
2965897216
2966421504
2966945792
2967207936
2967470080
2967732224
2968256512
2968518656
2968780800
2969042944
2969305088
2969567232
2969829376
2970091520
2970353664
2970615808
2970877952
2971140096
2971402240
2971664384
2971926528
2972188672
2972712960
2974023680
2974285824
2979266560
2979528704
2979790848
2980315136
2980577280
2980839424
2981625856
2981888000
2987130880
2987393024
2987655168
2988179456
2988441600
2990014464
2990276608
2990538752
2991325184
2991587328
2992111616
2992373760
2992635904
2992898048
2993160192
2993422336
2993684480
2993946624
2994470912
2994733056
2994995200
2995257344
2996043776
3000762368
3001024512
3001286656
3002597376
3002859520
3003121664
3003383808
3003645952
3003908096
3004170240
3004432384
3004694528
3009413120
3010723840
3010985984
3015966720
3017277440
3017539584
3022258176
3023306752
3023568896
3028549632
3029598208
3029860352
3030908928
3032219648
3032481792
3032743936
3033006080
3033268224
3033530368
3033792512
3034054656
3034316800
3034578944
3034841088
3035103232
3035365376
3035627520
3035889664
3036151808
3036413952
3036676096
3036938240
3037200384
3037462528
3037724672
3037986816
3038248960
3038511104
3038773248
3039297536
3039559680
3039821824
3040083968
3040346112
3040608256
3040870400
3041132544
3041394688
3041656832
3041918976
3042181120
3042443264
3042705408
3042967552
3043229696
3043491840
3043753984
3044016128
3044278272
3044540416
3044802560
3045064704
3045326848
3045588992
3045851136
3046113280
3046375424
3046637568
3046899712
3047161856
3047424000
3047686144
3047948288
3048210432
3048472576
3048734720
3048996864
3049259008
3049521152
3049783296
3050045440
3050307584
3050569728
3050831872
3051094016
3051356160
3051618304
3051880448
3052142592
3052404736
3052666880
3052929024
3053191168
3053453312
3053715456
3053977600
3054239744
3054501888
3054764032
3055026176
3055288320
3055550464
3055812608
3056074752
3056336896
3056599040
3056861184
3057123328
3057385472
3057647616
3057909760
3058171904
3058434048
3058696192
3058958336
3059220480
3059482624
3059744768
3060006912
3060269056
3060531200
3060793344
3061055488
3061317632
3061579776
3061841920
3062104064
3062366208
3062628352
3062890496
3063152640
3063414784
3063676928
3063939072
3064201216
3064463360
3064725504
3064987648
3065249792
3065511936
3065774080
3066036224
3222274048
3279683584
3279945728
